vertices = [
-1.500000, -1.500000, -1.500000;
-1.500000, -1.500000, 1.500000;
-1.500000, 1.500000, -1.500000;
1.500000, 1.500000, 1.500000;
];


faces = [
 2, 4, 3;
 1, 3, 4;
 1, 4, 2;
 1, 2, 3;
];


