vertices = [
-1.147874, 0.583484, -0.231357;
-1.117572, 0.658438, -0.276010;
-0.767059, 0.433891, -0.767059;
-0.761190, -0.174056, -0.761190;
-0.965701, -0.613983, -0.965701;
-1.500000, -0.570720, -0.812269;
-1.500000, 0.306442, -0.306442;
-1.500000, 1.256582, -1.256582;
-1.500000, 1.313274, -1.500000;
-1.500000, -0.765506, -1.500000;
-1.500000, 1.313274, -1.500000;
-1.500000, -0.765506, -1.500000;
];


faces = [
 1, 3, 2;
 1, 4, 3;
 1, 5, 4;
 4, 5, 10;
 5, 12, 10;
 1, 2, 7;
 1, 7, 5;
 2, 3, 9;
 3, 4, 9;
 4, 10, 9;
 10, 12, 9;
 11, 9, 12;
 5, 7, 6;
 5, 6, 12;
 7, 12, 6;
 2, 8, 7;
 2, 9, 8;
 7, 8, 12;
 9, 11, 8;
 11, 12, 8;
];


