vertices = [
-1.016135, 1.001032, -0.517167;
-0.720320, 0.944490, -0.720320;
-0.274613, 0.226614, -0.274613;
-0.954255, 0.371993, 0.173752;
1.160858, 1.500000, 1.160858;
-0.626304, 1.500000, -0.626304;
];


faces = [
 1, 2, 4;
 2, 3, 4;
 3, 5, 4;
 1, 6, 2;
 1, 4, 6;
 2, 6, 3;
 3, 6, 5;
 4, 5, 6;
];


